Ship Locations
[[3 3 0 0 0 0]
 [0 0 0 0 0 0]
 [0 0 0 0 0 0]
 [0 0 4 4 0 0]
 [1 1 1 0 0 0]
 [0 0 0 2 2 2]]
[[0 0 0 0 0 0]
 [0 0 0 0 0 0]
 [0 0 0 0 0 0]
 [0 0 0 0 0 0]
 [0 0 0 0 0 0]
 [0 0 0 0 0 0]]
action:  (1, 4)
[[0 0 0 0 0 0]
 [0 0 0 0 1 0]
 [0 0 0 0 0 0]
 [0 0 0 0 0 0]
 [0 0 0 0 0 0]
 [0 0 0 0 0 0]]
action:  (4, 5)
[[0 0 0 0 0 0]
 [0 0 0 0 1 0]
 [0 0 0 0 0 0]
 [0 0 0 0 0 0]
 [0 0 0 0 0 1]
 [0 0 0 0 0 0]]
action:  (5, 4)
[[0 0 0 0 0 0]
 [0 0 0 0 1 0]
 [0 0 0 0 0 0]
 [0 0 0 0 0 0]
 [0 0 0 0 0 1]
 [0 0 0 0 2 0]]
action:  (0, 5)
[[0 0 0 0 0 1]
 [0 0 0 0 1 0]
 [0 0 0 0 0 0]
 [0 0 0 0 0 0]
 [0 0 0 0 0 1]
 [0 0 0 0 2 0]]
action:  (5, 3)
[[0 0 0 0 0 1]
 [0 0 0 0 1 0]
 [0 0 0 0 0 0]
 [0 0 0 0 0 0]
 [0 0 0 0 0 1]
 [0 0 0 2 2 0]]
action:  (5, 5)
[[0 0 0 0 0 1]
 [0 0 0 0 1 0]
 [0 0 0 0 0 0]
 [0 0 0 0 0 0]
 [0 0 0 0 0 1]
 [0 0 0 3 3 3]]
action:  (1, 0)
[[0 0 0 0 0 1]
 [1 0 0 0 1 0]
 [0 0 0 0 0 0]
 [0 0 0 0 0 0]
 [0 0 0 0 0 1]
 [0 0 0 3 3 3]]
action:  (4, 0)
[[0 0 0 0 0 1]
 [1 0 0 0 1 0]
 [0 0 0 0 0 0]
 [0 0 0 0 0 0]
 [2 0 0 0 0 1]
 [0 0 0 3 3 3]]
action:  (0, 0)
[[2 0 0 0 0 1]
 [1 0 0 0 1 0]
 [0 0 0 0 0 0]
 [0 0 0 0 0 0]
 [2 0 0 0 0 1]
 [0 0 0 3 3 3]]
action:  (0, 1)
[[3 3 0 0 0 1]
 [1 0 0 0 1 0]
 [0 0 0 0 0 0]
 [0 0 0 0 0 0]
 [2 0 0 0 0 1]
 [0 0 0 3 3 3]]
action:  (3, 0)
[[3 3 0 0 0 1]
 [1 0 0 0 1 0]
 [0 0 0 0 0 0]
 [1 0 0 0 0 0]
 [2 0 0 0 0 1]
 [0 0 0 3 3 3]]
action:  (4, 2)
[[3 3 0 0 0 1]
 [1 0 0 0 1 0]
 [0 0 0 0 0 0]
 [1 0 0 0 0 0]
 [2 0 2 0 0 1]
 [0 0 0 3 3 3]]
action:  (0, 2)
[[3 3 1 0 0 1]
 [1 0 0 0 1 0]
 [0 0 0 0 0 0]
 [1 0 0 0 0 0]
 [2 0 2 0 0 1]
 [0 0 0 3 3 3]]
action:  (4, 1)
[[3 3 1 0 0 1]
 [1 0 0 0 1 0]
 [0 0 0 0 0 0]
 [1 0 0 0 0 0]
 [3 3 3 0 0 1]
 [0 0 0 3 3 3]]
action:  (3, 3)
[[3 3 1 0 0 1]
 [1 0 0 0 1 0]
 [0 0 0 0 0 0]
 [1 0 0 2 0 0]
 [3 3 3 0 0 1]
 [0 0 0 3 3 3]]
action:  (2, 2)
[[3 3 1 0 0 1]
 [1 0 0 0 1 0]
 [0 0 1 0 0 0]
 [1 0 0 2 0 0]
 [3 3 3 0 0 1]
 [0 0 0 3 3 3]]
action:  (0, 3)
[[3 3 1 1 0 1]
 [1 0 0 0 1 0]
 [0 0 1 0 0 0]
 [1 0 0 2 0 0]
 [3 3 3 0 0 1]
 [0 0 0 3 3 3]]
action:  (1, 3)
[[3 3 1 1 0 1]
 [1 0 0 1 1 0]
 [0 0 1 0 0 0]
 [1 0 0 2 0 0]
 [3 3 3 0 0 1]
 [0 0 0 3 3 3]]
action:  (3, 2)
[[3 3 1 1 0 1]
 [1 0 0 1 1 0]
 [0 0 1 0 0 0]
 [1 0 3 3 0 0]
 [3 3 3 0 0 1]
 [0 0 0 3 3 3]]
action:  (3, 1)
[[3 3 1 1 0 1]
 [1 0 0 1 1 0]
 [0 0 1 0 0 0]
 [1 1 3 3 0 0]
 [3 3 3 0 0 1]
 [0 0 0 3 3 3]]
action:  (2, 4)
[[3 3 1 1 0 1]
 [1 0 0 1 1 0]
 [0 0 1 0 1 0]
 [1 1 3 3 0 0]
 [3 3 3 0 0 1]
 [0 0 0 3 3 3]]
action:  (2, 5)
[[3 3 1 1 0 1]
 [1 0 0 1 1 0]
 [0 0 1 0 1 1]
 [1 1 3 3 0 0]
 [3 3 3 0 0 1]
 [0 0 0 3 3 3]]
Num Moves to Win = 21

Ship Locations
[[0 0 0 0 0 1]
 [0 0 2 2 2 1]
 [0 0 0 0 0 1]
 [0 0 0 4 0 0]
 [0 0 0 4 0 3]
 [0 0 0 0 0 3]]
[[0 0 0 0 0 0]
 [0 0 0 0 0 0]
 [0 0 0 0 0 0]
 [0 0 0 0 0 0]
 [0 0 0 0 0 0]
 [0 0 0 0 0 0]]
action:  (3, 4)
[[0 0 0 0 0 0]
 [0 0 0 0 0 0]
 [0 0 0 0 0 0]
 [0 0 0 0 1 0]
 [0 0 0 0 0 0]
 [0 0 0 0 0 0]]
action:  (3, 3)
[[0 0 0 0 0 0]
 [0 0 0 0 0 0]
 [0 0 0 0 0 0]
 [0 0 0 2 1 0]
 [0 0 0 0 0 0]
 [0 0 0 0 0 0]]
action:  (3, 2)
[[0 0 0 0 0 0]
 [0 0 0 0 0 0]
 [0 0 0 0 0 0]
 [0 0 1 2 1 0]
 [0 0 0 0 0 0]
 [0 0 0 0 0 0]]
action:  (4, 3)
[[0 0 0 0 0 0]
 [0 0 0 0 0 0]
 [0 0 0 0 0 0]
 [0 0 1 3 1 0]
 [0 0 0 3 0 0]
 [0 0 0 0 0 0]]
action:  (1, 2)
[[0 0 0 0 0 0]
 [0 0 2 0 0 0]
 [0 0 0 0 0 0]
 [0 0 1 3 1 0]
 [0 0 0 3 0 0]
 [0 0 0 0 0 0]]
action:  (1, 0)
[[0 0 0 0 0 0]
 [1 0 2 0 0 0]
 [0 0 0 0 0 0]
 [0 0 1 3 1 0]
 [0 0 0 3 0 0]
 [0 0 0 0 0 0]]
action:  (1, 3)
[[0 0 0 0 0 0]
 [1 0 2 2 0 0]
 [0 0 0 0 0 0]
 [0 0 1 3 1 0]
 [0 0 0 3 0 0]
 [0 0 0 0 0 0]]
action:  (2, 4)
[[0 0 0 0 0 0]
 [1 0 2 2 0 0]
 [0 0 0 0 1 0]
 [0 0 1 3 1 0]
 [0 0 0 3 0 0]
 [0 0 0 0 0 0]]
action:  (1, 4)
[[0 0 0 0 0 0]
 [1 0 3 3 3 0]
 [0 0 0 0 1 0]
 [0 0 1 3 1 0]
 [0 0 0 3 0 0]
 [0 0 0 0 0 0]]
action:  (0, 3)
[[0 0 0 1 0 0]
 [1 0 3 3 3 0]
 [0 0 0 0 1 0]
 [0 0 1 3 1 0]
 [0 0 0 3 0 0]
 [0 0 0 0 0 0]]
action:  (5, 1)
[[0 0 0 1 0 0]
 [1 0 3 3 3 0]
 [0 0 0 0 1 0]
 [0 0 1 3 1 0]
 [0 0 0 3 0 0]
 [0 1 0 0 0 0]]
action:  (0, 0)
[[1 0 0 1 0 0]
 [1 0 3 3 3 0]
 [0 0 0 0 1 0]
 [0 0 1 3 1 0]
 [0 0 0 3 0 0]
 [0 1 0 0 0 0]]
action:  (2, 3)
[[1 0 0 1 0 0]
 [1 0 3 3 3 0]
 [0 0 0 1 1 0]
 [0 0 1 3 1 0]
 [0 0 0 3 0 0]
 [0 1 0 0 0 0]]
action:  (2, 1)
[[1 0 0 1 0 0]
 [1 0 3 3 3 0]
 [0 1 0 1 1 0]
 [0 0 1 3 1 0]
 [0 0 0 3 0 0]
 [0 1 0 0 0 0]]
action:  (0, 1)
[[1 1 0 1 0 0]
 [1 0 3 3 3 0]
 [0 1 0 1 1 0]
 [0 0 1 3 1 0]
 [0 0 0 3 0 0]
 [0 1 0 0 0 0]]
action:  (1, 5)
[[1 1 0 1 0 0]
 [1 0 3 3 3 2]
 [0 1 0 1 1 0]
 [0 0 1 3 1 0]
 [0 0 0 3 0 0]
 [0 1 0 0 0 0]]
action:  (2, 5)
[[1 1 0 1 0 0]
 [1 0 3 3 3 2]
 [0 1 0 1 1 2]
 [0 0 1 3 1 0]
 [0 0 0 3 0 0]
 [0 1 0 0 0 0]]
action:  (0, 5)
[[1 1 0 1 0 3]
 [1 0 3 3 3 3]
 [0 1 0 1 1 3]
 [0 0 1 3 1 0]
 [0 0 0 3 0 0]
 [0 1 0 0 0 0]]
action:  (5, 3)
[[1 1 0 1 0 3]
 [1 0 3 3 3 3]
 [0 1 0 1 1 3]
 [0 0 1 3 1 0]
 [0 0 0 3 0 0]
 [0 1 0 1 0 0]]
action:  (4, 4)
[[1 1 0 1 0 3]
 [1 0 3 3 3 3]
 [0 1 0 1 1 3]
 [0 0 1 3 1 0]
 [0 0 0 3 1 0]
 [0 1 0 1 0 0]]
action:  (5, 5)
[[1 1 0 1 0 3]
 [1 0 3 3 3 3]
 [0 1 0 1 1 3]
 [0 0 1 3 1 0]
 [0 0 0 3 1 0]
 [0 1 0 1 0 2]]
action:  (3, 5)
[[1 1 0 1 0 3]
 [1 0 3 3 3 3]
 [0 1 0 1 1 3]
 [0 0 1 3 1 1]
 [0 0 0 3 1 0]
 [0 1 0 1 0 2]]
action:  (4, 5)
[[1 1 0 1 0 3]
 [1 0 3 3 3 3]
 [0 1 0 1 1 3]
 [0 0 1 3 1 1]
 [0 0 0 3 1 3]
 [0 1 0 1 0 3]]
Number of moves to win =
23

Ship Locations
[[0 2 2 2 0 0]
 [0 1 1 1 0 0]
 [0 0 0 0 4 4]
 [0 0 0 0 0 0]
 [0 0 0 0 0 0]
 [0 3 3 0 0 0]]
[[0 0 0 0 0 0]
 [0 0 0 0 0 0]
 [0 0 0 0 0 0]
 [0 0 0 0 0 0]
 [0 0 0 0 0 0]
 [0 0 0 0 0 0]]
action:  (3, 0)
[[0 0 0 0 0 0]
 [0 0 0 0 0 0]
 [0 0 0 0 0 0]
 [1 0 0 0 0 0]
 [0 0 0 0 0 0]
 [0 0 0 0 0 0]]
action:  (1, 2)
[[0 0 0 0 0 0]
 [0 0 2 0 0 0]
 [0 0 0 0 0 0]
 [1 0 0 0 0 0]
 [0 0 0 0 0 0]
 [0 0 0 0 0 0]]
action:  (1, 1)
[[0 0 0 0 0 0]
 [0 2 2 0 0 0]
 [0 0 0 0 0 0]
 [1 0 0 0 0 0]
 [0 0 0 0 0 0]
 [0 0 0 0 0 0]]
action:  (2, 1)
[[0 0 0 0 0 0]
 [0 2 2 0 0 0]
 [0 1 0 0 0 0]
 [1 0 0 0 0 0]
 [0 0 0 0 0 0]
 [0 0 0 0 0 0]]
action:  (0, 1)
[[0 2 0 0 0 0]
 [0 2 2 0 0 0]
 [0 1 0 0 0 0]
 [1 0 0 0 0 0]
 [0 0 0 0 0 0]
 [0 0 0 0 0 0]]
action:  (0, 0)
[[1 2 0 0 0 0]
 [0 2 2 0 0 0]
 [0 1 0 0 0 0]
 [1 0 0 0 0 0]
 [0 0 0 0 0 0]
 [0 0 0 0 0 0]]
action:  (0, 2)
[[1 2 2 0 0 0]
 [0 2 2 0 0 0]
 [0 1 0 0 0 0]
 [1 0 0 0 0 0]
 [0 0 0 0 0 0]
 [0 0 0 0 0 0]]
action:  (2, 2)
[[1 2 2 0 0 0]
 [0 2 2 0 0 0]
 [0 1 1 0 0 0]
 [1 0 0 0 0 0]
 [0 0 0 0 0 0]
 [0 0 0 0 0 0]]
action:  (1, 0)
[[1 2 2 0 0 0]
 [1 2 2 0 0 0]
 [0 1 1 0 0 0]
 [1 0 0 0 0 0]
 [0 0 0 0 0 0]
 [0 0 0 0 0 0]]
action:  (1, 4)
[[1 2 2 0 0 0]
 [1 2 2 0 1 0]
 [0 1 1 0 0 0]
 [1 0 0 0 0 0]
 [0 0 0 0 0 0]
 [0 0 0 0 0 0]]
action:  (0, 4)
[[1 2 2 0 1 0]
 [1 2 2 0 1 0]
 [0 1 1 0 0 0]
 [1 0 0 0 0 0]
 [0 0 0 0 0 0]
 [0 0 0 0 0 0]]
action:  (1, 3)
[[1 2 2 0 1 0]
 [1 3 3 3 1 0]
 [0 1 1 0 0 0]
 [1 0 0 0 0 0]
 [0 0 0 0 0 0]
 [0 0 0 0 0 0]]
action:  (0, 3)
[[1 3 3 3 1 0]
 [1 3 3 3 1 0]
 [0 1 1 0 0 0]
 [1 0 0 0 0 0]
 [0 0 0 0 0 0]
 [0 0 0 0 0 0]]
action:  (2, 5)
[[1 3 3 3 1 0]
 [1 3 3 3 1 0]
 [0 1 1 0 0 2]
 [1 0 0 0 0 0]
 [0 0 0 0 0 0]
 [0 0 0 0 0 0]]
action:  (4, 5)
[[1 3 3 3 1 0]
 [1 3 3 3 1 0]
 [0 1 1 0 0 2]
 [1 0 0 0 0 0]
 [0 0 0 0 0 1]
 [0 0 0 0 0 0]]
action:  (1, 5)
[[1 3 3 3 1 0]
 [1 3 3 3 1 1]
 [0 1 1 0 0 2]
 [1 0 0 0 0 0]
 [0 0 0 0 0 1]
 [0 0 0 0 0 0]]
action:  (2, 4)
[[1 3 3 3 1 0]
 [1 3 3 3 1 1]
 [0 1 1 0 3 3]
 [1 0 0 0 0 0]
 [0 0 0 0 0 1]
 [0 0 0 0 0 0]]
action:  (2, 3)
[[1 3 3 3 1 0]
 [1 3 3 3 1 1]
 [0 1 1 1 3 3]
 [1 0 0 0 0 0]
 [0 0 0 0 0 1]
 [0 0 0 0 0 0]]
action:  (3, 4)
[[1 3 3 3 1 0]
 [1 3 3 3 1 1]
 [0 1 1 1 3 3]
 [1 0 0 0 1 0]
 [0 0 0 0 0 1]
 [0 0 0 0 0 0]]
action:  (3, 2)
[[1 3 3 3 1 0]
 [1 3 3 3 1 1]
 [0 1 1 1 3 3]
 [1 0 1 0 1 0]
 [0 0 0 0 0 1]
 [0 0 0 0 0 0]]
action:  (4, 3)
[[1 3 3 3 1 0]
 [1 3 3 3 1 1]
 [0 1 1 1 3 3]
 [1 0 1 0 1 0]
 [0 0 0 1 0 1]
 [0 0 0 0 0 0]]
action:  (4, 2)
[[1 3 3 3 1 0]
 [1 3 3 3 1 1]
 [0 1 1 1 3 3]
 [1 0 1 0 1 0]
 [0 0 1 1 0 1]
 [0 0 0 0 0 0]]
action:  (3, 1)
[[1 3 3 3 1 0]
 [1 3 3 3 1 1]
 [0 1 1 1 3 3]
 [1 1 1 0 1 0]
 [0 0 1 1 0 1]
 [0 0 0 0 0 0]]
action:  (5, 2)
[[1 3 3 3 1 0]
 [1 3 3 3 1 1]
 [0 1 1 1 3 3]
 [1 1 1 0 1 0]
 [0 0 1 1 0 1]
 [0 0 2 0 0 0]]
action:  (5, 4)
[[1 3 3 3 1 0]
 [1 3 3 3 1 1]
 [0 1 1 1 3 3]
 [1 1 1 0 1 0]
 [0 0 1 1 0 1]
 [0 0 2 0 1 0]]
action:  (5, 0)
[[1 3 3 3 1 0]
 [1 3 3 3 1 1]
 [0 1 1 1 3 3]
 [1 1 1 0 1 0]
 [0 0 1 1 0 1]
 [1 0 2 0 1 0]]
action:  (5, 1)
[[1 3 3 3 1 0]
 [1 3 3 3 1 1]
 [0 1 1 1 3 3]
 [1 1 1 0 1 0]
 [0 0 1 1 0 1]
 [1 3 3 0 1 0]]
Number of moves to win =
27

Ship Locations
[[0 0 0 0 3 0]
 [0 0 0 0 3 2]
 [4 4 1 0 0 2]
 [0 0 1 0 0 2]
 [0 0 1 0 0 0]
 [0 0 0 0 0 0]]
[[0 0 0 0 0 0]
 [0 0 0 0 0 0]
 [0 0 0 0 0 0]
 [0 0 0 0 0 0]
 [0 0 0 0 0 0]
 [0 0 0 0 0 0]]
action:  (3, 1)
[[0 0 0 0 0 0]
 [0 0 0 0 0 0]
 [0 0 0 0 0 0]
 [0 1 0 0 0 0]
 [0 0 0 0 0 0]
 [0 0 0 0 0 0]]
action:  (1, 0)
[[0 0 0 0 0 0]
 [1 0 0 0 0 0]
 [0 0 0 0 0 0]
 [0 1 0 0 0 0]
 [0 0 0 0 0 0]
 [0 0 0 0 0 0]]
action:  (0, 0)
[[1 0 0 0 0 0]
 [1 0 0 0 0 0]
 [0 0 0 0 0 0]
 [0 1 0 0 0 0]
 [0 0 0 0 0 0]
 [0 0 0 0 0 0]]
action:  (3, 4)
[[1 0 0 0 0 0]
 [1 0 0 0 0 0]
 [0 0 0 0 0 0]
 [0 1 0 0 1 0]
 [0 0 0 0 0 0]
 [0 0 0 0 0 0]]
action:  (1, 3)
[[1 0 0 0 0 0]
 [1 0 0 1 0 0]
 [0 0 0 0 0 0]
 [0 1 0 0 1 0]
 [0 0 0 0 0 0]
 [0 0 0 0 0 0]]
action:  (0, 1)
[[1 1 0 0 0 0]
 [1 0 0 1 0 0]
 [0 0 0 0 0 0]
 [0 1 0 0 1 0]
 [0 0 0 0 0 0]
 [0 0 0 0 0 0]]
action:  (4, 1)
[[1 1 0 0 0 0]
 [1 0 0 1 0 0]
 [0 0 0 0 0 0]
 [0 1 0 0 1 0]
 [0 1 0 0 0 0]
 [0 0 0 0 0 0]]
action:  (5, 0)
[[1 1 0 0 0 0]
 [1 0 0 1 0 0]
 [0 0 0 0 0 0]
 [0 1 0 0 1 0]
 [0 1 0 0 0 0]
 [1 0 0 0 0 0]]
action:  (1, 5)
[[1 1 0 0 0 0]
 [1 0 0 1 0 2]
 [0 0 0 0 0 0]
 [0 1 0 0 1 0]
 [0 1 0 0 0 0]
 [1 0 0 0 0 0]]
action:  (3, 5)
[[1 1 0 0 0 0]
 [1 0 0 1 0 2]
 [0 0 0 0 0 0]
 [0 1 0 0 1 2]
 [0 1 0 0 0 0]
 [1 0 0 0 0 0]]
action:  (2, 5)
[[1 1 0 0 0 0]
 [1 0 0 1 0 3]
 [0 0 0 0 0 3]
 [0 1 0 0 1 3]
 [0 1 0 0 0 0]
 [1 0 0 0 0 0]]
action:  (1, 4)
[[1 1 0 0 0 0]
 [1 0 0 1 2 3]
 [0 0 0 0 0 3]
 [0 1 0 0 1 3]
 [0 1 0 0 0 0]
 [1 0 0 0 0 0]]
action:  (2, 4)
[[1 1 0 0 0 0]
 [1 0 0 1 2 3]
 [0 0 0 0 1 3]
 [0 1 0 0 1 3]
 [0 1 0 0 0 0]
 [1 0 0 0 0 0]]
action:  (0, 4)
[[1 1 0 0 3 0]
 [1 0 0 1 3 3]
 [0 0 0 0 1 3]
 [0 1 0 0 1 3]
 [0 1 0 0 0 0]
 [1 0 0 0 0 0]]
action:  (2, 1)
[[1 1 0 0 3 0]
 [1 0 0 1 3 3]
 [0 2 0 0 1 3]
 [0 1 0 0 1 3]
 [0 1 0 0 0 0]
 [1 0 0 0 0 0]]
action:  (2, 3)
[[1 1 0 0 3 0]
 [1 0 0 1 3 3]
 [0 2 0 1 1 3]
 [0 1 0 0 1 3]
 [0 1 0 0 0 0]
 [1 0 0 0 0 0]]
action:  (2, 0)
[[1 1 0 0 3 0]
 [1 0 0 1 3 3]
 [3 3 0 1 1 3]
 [0 1 0 0 1 3]
 [0 1 0 0 0 0]
 [1 0 0 0 0 0]]
action:  (4, 2)
[[1 1 0 0 3 0]
 [1 0 0 1 3 3]
 [3 3 0 1 1 3]
 [0 1 0 0 1 3]
 [0 1 2 0 0 0]
 [1 0 0 0 0 0]]
action:  (3, 2)
[[1 1 0 0 3 0]
 [1 0 0 1 3 3]
 [3 3 0 1 1 3]
 [0 1 2 0 1 3]
 [0 1 2 0 0 0]
 [1 0 0 0 0 0]]
action:  (2, 2)
[[1 1 0 0 3 0]
 [1 0 0 1 3 3]
 [3 3 3 1 1 3]
 [0 1 3 0 1 3]
 [0 1 3 0 0 0]
 [1 0 0 0 0 0]]
Number of moves to win =
20

Ship Locations
[[0 0 0 0 0 0]
 [0 0 0 0 0 1]
 [0 0 0 0 0 1]
 [0 0 0 2 0 1]
 [0 0 0 2 4 4]
 [3 3 0 2 0 0]]
[[0 0 0 0 0 0]
 [0 0 0 0 0 0]
 [0 0 0 0 0 0]
 [0 0 0 0 0 0]
 [0 0 0 0 0 0]
 [0 0 0 0 0 0]]
action:  (3, 1)
[[0 0 0 0 0 0]
 [0 0 0 0 0 0]
 [0 0 0 0 0 0]
 [0 1 0 0 0 0]
 [0 0 0 0 0 0]
 [0 0 0 0 0 0]]
action:  (0, 0)
[[1 0 0 0 0 0]
 [0 0 0 0 0 0]
 [0 0 0 0 0 0]
 [0 1 0 0 0 0]
 [0 0 0 0 0 0]
 [0 0 0 0 0 0]]
action:  (0, 4)
[[1 0 0 0 1 0]
 [0 0 0 0 0 0]
 [0 0 0 0 0 0]
 [0 1 0 0 0 0]
 [0 0 0 0 0 0]
 [0 0 0 0 0 0]]
action:  (2, 1)
[[1 0 0 0 1 0]
 [0 0 0 0 0 0]
 [0 1 0 0 0 0]
 [0 1 0 0 0 0]
 [0 0 0 0 0 0]
 [0 0 0 0 0 0]]
action:  (5, 2)
[[1 0 0 0 1 0]
 [0 0 0 0 0 0]
 [0 1 0 0 0 0]
 [0 1 0 0 0 0]
 [0 0 0 0 0 0]
 [0 0 1 0 0 0]]
action:  (1, 2)
[[1 0 0 0 1 0]
 [0 0 1 0 0 0]
 [0 1 0 0 0 0]
 [0 1 0 0 0 0]
 [0 0 0 0 0 0]
 [0 0 1 0 0 0]]
action:  (2, 3)
[[1 0 0 0 1 0]
 [0 0 1 0 0 0]
 [0 1 0 1 0 0]
 [0 1 0 0 0 0]
 [0 0 0 0 0 0]
 [0 0 1 0 0 0]]
action:  (0, 1)
[[1 1 0 0 1 0]
 [0 0 1 0 0 0]
 [0 1 0 1 0 0]
 [0 1 0 0 0 0]
 [0 0 0 0 0 0]
 [0 0 1 0 0 0]]
action:  (4, 4)
[[1 1 0 0 1 0]
 [0 0 1 0 0 0]
 [0 1 0 1 0 0]
 [0 1 0 0 0 0]
 [0 0 0 0 2 0]
 [0 0 1 0 0 0]]
action:  (0, 5)
[[1 1 0 0 1 1]
 [0 0 1 0 0 0]
 [0 1 0 1 0 0]
 [0 1 0 0 0 0]
 [0 0 0 0 2 0]
 [0 0 1 0 0 0]]
action:  (3, 4)
[[1 1 0 0 1 1]
 [0 0 1 0 0 0]
 [0 1 0 1 0 0]
 [0 1 0 0 1 0]
 [0 0 0 0 2 0]
 [0 0 1 0 0 0]]
action:  (4, 2)
[[1 1 0 0 1 1]
 [0 0 1 0 0 0]
 [0 1 0 1 0 0]
 [0 1 0 0 1 0]
 [0 0 1 0 2 0]
 [0 0 1 0 0 0]]
action:  (5, 4)
[[1 1 0 0 1 1]
 [0 0 1 0 0 0]
 [0 1 0 1 0 0]
 [0 1 0 0 1 0]
 [0 0 1 0 2 0]
 [0 0 1 0 1 0]]
action:  (4, 3)
[[1 1 0 0 1 1]
 [0 0 1 0 0 0]
 [0 1 0 1 0 0]
 [0 1 0 0 1 0]
 [0 0 1 2 2 0]
 [0 0 1 0 1 0]]
action:  (4, 5)
[[1 1 0 0 1 1]
 [0 0 1 0 0 0]
 [0 1 0 1 0 0]
 [0 1 0 0 1 0]
 [0 0 1 2 3 3]
 [0 0 1 0 1 0]]
action:  (3, 3)
[[1 1 0 0 1 1]
 [0 0 1 0 0 0]
 [0 1 0 1 0 0]
 [0 1 0 2 1 0]
 [0 0 1 2 3 3]
 [0 0 1 0 1 0]]
action:  (5, 3)
[[1 1 0 0 1 1]
 [0 0 1 0 0 0]
 [0 1 0 1 0 0]
 [0 1 0 3 1 0]
 [0 0 1 3 3 3]
 [0 0 1 3 1 0]]
action:  (1, 0)
[[1 1 0 0 1 1]
 [1 0 1 0 0 0]
 [0 1 0 1 0 0]
 [0 1 0 3 1 0]
 [0 0 1 3 3 3]
 [0 0 1 3 1 0]]
action:  (4, 0)
[[1 1 0 0 1 1]
 [1 0 1 0 0 0]
 [0 1 0 1 0 0]
 [0 1 0 3 1 0]
 [1 0 1 3 3 3]
 [0 0 1 3 1 0]]
action:  (3, 5)
[[1 1 0 0 1 1]
 [1 0 1 0 0 0]
 [0 1 0 1 0 0]
 [0 1 0 3 1 2]
 [1 0 1 3 3 3]
 [0 0 1 3 1 0]]
action:  (2, 5)
[[1 1 0 0 1 1]
 [1 0 1 0 0 0]
 [0 1 0 1 0 2]
 [0 1 0 3 1 2]
 [1 0 1 3 3 3]
 [0 0 1 3 1 0]]
action:  (1, 5)
[[1 1 0 0 1 1]
 [1 0 1 0 0 3]
 [0 1 0 1 0 3]
 [0 1 0 3 1 3]
 [1 0 1 3 3 3]
 [0 0 1 3 1 0]]
action:  (3, 2)
[[1 1 0 0 1 1]
 [1 0 1 0 0 3]
 [0 1 0 1 0 3]
 [0 1 1 3 1 3]
 [1 0 1 3 3 3]
 [0 0 1 3 1 0]]
action:  (1, 4)
[[1 1 0 0 1 1]
 [1 0 1 0 1 3]
 [0 1 0 1 0 3]
 [0 1 1 3 1 3]
 [1 0 1 3 3 3]
 [0 0 1 3 1 0]]
action:  (0, 3)
[[1 1 0 1 1 1]
 [1 0 1 0 1 3]
 [0 1 0 1 0 3]
 [0 1 1 3 1 3]
 [1 0 1 3 3 3]
 [0 0 1 3 1 0]]
action:  (4, 1)
[[1 1 0 1 1 1]
 [1 0 1 0 1 3]
 [0 1 0 1 0 3]
 [0 1 1 3 1 3]
 [1 1 1 3 3 3]
 [0 0 1 3 1 0]]
action:  (2, 0)
[[1 1 0 1 1 1]
 [1 0 1 0 1 3]
 [1 1 0 1 0 3]
 [0 1 1 3 1 3]
 [1 1 1 3 3 3]
 [0 0 1 3 1 0]]
action:  (5, 0)
[[1 1 0 1 1 1]
 [1 0 1 0 1 3]
 [1 1 0 1 0 3]
 [0 1 1 3 1 3]
 [1 1 1 3 3 3]
 [2 0 1 3 1 0]]
action:  (5, 1)
[[1 1 0 1 1 1]
 [1 0 1 0 1 3]
 [1 1 0 1 0 3]
 [0 1 1 3 1 3]
 [1 1 1 3 3 3]
 [3 3 1 3 1 0]]
Number of moves to win =
29

Ship Locations
[[0 0 0 0 4 4]
 [3 2 0 0 0 0]
 [3 2 0 0 0 0]
 [0 2 0 1 1 1]
 [0 0 0 0 0 0]
 [0 0 0 0 0 0]]
[[0 0 0 0 0 0]
 [0 0 0 0 0 0]
 [0 0 0 0 0 0]
 [0 0 0 0 0 0]
 [0 0 0 0 0 0]
 [0 0 0 0 0 0]]
action:  (3, 0)
[[0 0 0 0 0 0]
 [0 0 0 0 0 0]
 [0 0 0 0 0 0]
 [1 0 0 0 0 0]
 [0 0 0 0 0 0]
 [0 0 0 0 0 0]]
action:  (2, 4)
[[0 0 0 0 0 0]
 [0 0 0 0 0 0]
 [0 0 0 0 1 0]
 [1 0 0 0 0 0]
 [0 0 0 0 0 0]
 [0 0 0 0 0 0]]
action:  (5, 2)
[[0 0 0 0 0 0]
 [0 0 0 0 0 0]
 [0 0 0 0 1 0]
 [1 0 0 0 0 0]
 [0 0 0 0 0 0]
 [0 0 1 0 0 0]]
action:  (2, 2)
[[0 0 0 0 0 0]
 [0 0 0 0 0 0]
 [0 0 1 0 1 0]
 [1 0 0 0 0 0]
 [0 0 0 0 0 0]
 [0 0 1 0 0 0]]
action:  (5, 0)
[[0 0 0 0 0 0]
 [0 0 0 0 0 0]
 [0 0 1 0 1 0]
 [1 0 0 0 0 0]
 [0 0 0 0 0 0]
 [1 0 1 0 0 0]]
action:  (0, 0)
[[1 0 0 0 0 0]
 [0 0 0 0 0 0]
 [0 0 1 0 1 0]
 [1 0 0 0 0 0]
 [0 0 0 0 0 0]
 [1 0 1 0 0 0]]
action:  (0, 2)
[[1 0 1 0 0 0]
 [0 0 0 0 0 0]
 [0 0 1 0 1 0]
 [1 0 0 0 0 0]
 [0 0 0 0 0 0]
 [1 0 1 0 0 0]]
action:  (4, 1)
[[1 0 1 0 0 0]
 [0 0 0 0 0 0]
 [0 0 1 0 1 0]
 [1 0 0 0 0 0]
 [0 1 0 0 0 0]
 [1 0 1 0 0 0]]
action:  (5, 3)
[[1 0 1 0 0 0]
 [0 0 0 0 0 0]
 [0 0 1 0 1 0]
 [1 0 0 0 0 0]
 [0 1 0 0 0 0]
 [1 0 1 1 0 0]]
action:  (0, 4)
[[1 0 1 0 2 0]
 [0 0 0 0 0 0]
 [0 0 1 0 1 0]
 [1 0 0 0 0 0]
 [0 1 0 0 0 0]
 [1 0 1 1 0 0]]
action:  (1, 1)
[[1 0 1 0 2 0]
 [0 2 0 0 0 0]
 [0 0 1 0 1 0]
 [1 0 0 0 0 0]
 [0 1 0 0 0 0]
 [1 0 1 1 0 0]]
action:  (2, 1)
[[1 0 1 0 2 0]
 [0 2 0 0 0 0]
 [0 2 1 0 1 0]
 [1 0 0 0 0 0]
 [0 1 0 0 0 0]
 [1 0 1 1 0 0]]
action:  (1, 2)
[[1 0 1 0 2 0]
 [0 2 1 0 0 0]
 [0 2 1 0 1 0]
 [1 0 0 0 0 0]
 [0 1 0 0 0 0]
 [1 0 1 1 0 0]]
action:  (1, 4)
[[1 0 1 0 2 0]
 [0 2 1 0 1 0]
 [0 2 1 0 1 0]
 [1 0 0 0 0 0]
 [0 1 0 0 0 0]
 [1 0 1 1 0 0]]
action:  (3, 1)
[[1 0 1 0 2 0]
 [0 3 1 0 1 0]
 [0 3 1 0 1 0]
 [1 3 0 0 0 0]
 [0 1 0 0 0 0]
 [1 0 1 1 0 0]]
action:  (1, 3)
[[1 0 1 0 2 0]
 [0 3 1 1 1 0]
 [0 3 1 0 1 0]
 [1 3 0 0 0 0]
 [0 1 0 0 0 0]
 [1 0 1 1 0 0]]
action:  (0, 3)
[[1 0 1 1 2 0]
 [0 3 1 1 1 0]
 [0 3 1 0 1 0]
 [1 3 0 0 0 0]
 [0 1 0 0 0 0]
 [1 0 1 1 0 0]]
action:  (0, 5)
[[1 0 1 1 3 3]
 [0 3 1 1 1 0]
 [0 3 1 0 1 0]
 [1 3 0 0 0 0]
 [0 1 0 0 0 0]
 [1 0 1 1 0 0]]
action:  (2, 0)
[[1 0 1 1 3 3]
 [0 3 1 1 1 0]
 [2 3 1 0 1 0]
 [1 3 0 0 0 0]
 [0 1 0 0 0 0]
 [1 0 1 1 0 0]]
action:  (1, 0)
[[1 0 1 1 3 3]
 [3 3 1 1 1 0]
 [3 3 1 0 1 0]
 [1 3 0 0 0 0]
 [0 1 0 0 0 0]
 [1 0 1 1 0 0]]
action:  (4, 3)
[[1 0 1 1 3 3]
 [3 3 1 1 1 0]
 [3 3 1 0 1 0]
 [1 3 0 0 0 0]
 [0 1 0 1 0 0]
 [1 0 1 1 0 0]]
action:  (5, 5)
[[1 0 1 1 3 3]
 [3 3 1 1 1 0]
 [3 3 1 0 1 0]
 [1 3 0 0 0 0]
 [0 1 0 1 0 0]
 [1 0 1 1 0 1]]
action:  (1, 5)
[[1 0 1 1 3 3]
 [3 3 1 1 1 1]
 [3 3 1 0 1 0]
 [1 3 0 0 0 0]
 [0 1 0 1 0 0]
 [1 0 1 1 0 1]]
action:  (3, 5)
[[1 0 1 1 3 3]
 [3 3 1 1 1 1]
 [3 3 1 0 1 0]
 [1 3 0 0 0 2]
 [0 1 0 1 0 0]
 [1 0 1 1 0 1]]
action:  (3, 4)
[[1 0 1 1 3 3]
 [3 3 1 1 1 1]
 [3 3 1 0 1 0]
 [1 3 0 0 2 2]
 [0 1 0 1 0 0]
 [1 0 1 1 0 1]]
action:  (5, 4)
[[1 0 1 1 3 3]
 [3 3 1 1 1 1]
 [3 3 1 0 1 0]
 [1 3 0 0 2 2]
 [0 1 0 1 0 0]
 [1 0 1 1 1 1]]
action:  (3, 3)
[[1 0 1 1 3 3]
 [3 3 1 1 1 1]
 [3 3 1 0 1 0]
 [1 3 0 3 3 3]
 [0 1 0 1 0 0]
 [1 0 1 1 1 1]]
Number of moves to win =
27

Ship Locations
[[0 0 0 0 0 0]
 [0 0 1 1 1 0]
 [0 2 2 2 0 0]
 [0 0 0 4 4 0]
 [0 0 0 3 0 0]
 [0 0 0 3 0 0]]
[[0 0 0 0 0 0]
 [0 0 0 0 0 0]
 [0 0 0 0 0 0]
 [0 0 0 0 0 0]
 [0 0 0 0 0 0]
 [0 0 0 0 0 0]]
action:  (4, 1)
[[0 0 0 0 0 0]
 [0 0 0 0 0 0]
 [0 0 0 0 0 0]
 [0 0 0 0 0 0]
 [0 1 0 0 0 0]
 [0 0 0 0 0 0]]
action:  (0, 0)
[[1 0 0 0 0 0]
 [0 0 0 0 0 0]
 [0 0 0 0 0 0]
 [0 0 0 0 0 0]
 [0 1 0 0 0 0]
 [0 0 0 0 0 0]]
action:  (0, 1)
[[1 1 0 0 0 0]
 [0 0 0 0 0 0]
 [0 0 0 0 0 0]
 [0 0 0 0 0 0]
 [0 1 0 0 0 0]
 [0 0 0 0 0 0]]
action:  (0, 4)
[[1 1 0 0 1 0]
 [0 0 0 0 0 0]
 [0 0 0 0 0 0]
 [0 0 0 0 0 0]
 [0 1 0 0 0 0]
 [0 0 0 0 0 0]]
action:  (4, 2)
[[1 1 0 0 1 0]
 [0 0 0 0 0 0]
 [0 0 0 0 0 0]
 [0 0 0 0 0 0]
 [0 1 1 0 0 0]
 [0 0 0 0 0 0]]
action:  (3, 2)
[[1 1 0 0 1 0]
 [0 0 0 0 0 0]
 [0 0 0 0 0 0]
 [0 0 1 0 0 0]
 [0 1 1 0 0 0]
 [0 0 0 0 0 0]]
action:  (1, 0)
[[1 1 0 0 1 0]
 [1 0 0 0 0 0]
 [0 0 0 0 0 0]
 [0 0 1 0 0 0]
 [0 1 1 0 0 0]
 [0 0 0 0 0 0]]
action:  (2, 3)
[[1 1 0 0 1 0]
 [1 0 0 0 0 0]
 [0 0 0 2 0 0]
 [0 0 1 0 0 0]
 [0 1 1 0 0 0]
 [0 0 0 0 0 0]]
action:  (1, 2)
[[1 1 0 0 1 0]
 [1 0 2 0 0 0]
 [0 0 0 2 0 0]
 [0 0 1 0 0 0]
 [0 1 1 0 0 0]
 [0 0 0 0 0 0]]
action:  (1, 4)
[[1 1 0 0 1 0]
 [1 0 2 0 2 0]
 [0 0 0 2 0 0]
 [0 0 1 0 0 0]
 [0 1 1 0 0 0]
 [0 0 0 0 0 0]]
action:  (1, 3)
[[1 1 0 0 1 0]
 [1 0 3 3 3 0]
 [0 0 0 2 0 0]
 [0 0 1 0 0 0]
 [0 1 1 0 0 0]
 [0 0 0 0 0 0]]
action:  (2, 4)
[[1 1 0 0 1 0]
 [1 0 3 3 3 0]
 [0 0 0 2 1 0]
 [0 0 1 0 0 0]
 [0 1 1 0 0 0]
 [0 0 0 0 0 0]]
action:  (2, 2)
[[1 1 0 0 1 0]
 [1 0 3 3 3 0]
 [0 0 2 2 1 0]
 [0 0 1 0 0 0]
 [0 1 1 0 0 0]
 [0 0 0 0 0 0]]
action:  (2, 1)
[[1 1 0 0 1 0]
 [1 0 3 3 3 0]
 [0 3 3 3 1 0]
 [0 0 1 0 0 0]
 [0 1 1 0 0 0]
 [0 0 0 0 0 0]]
action:  (4, 4)
[[1 1 0 0 1 0]
 [1 0 3 3 3 0]
 [0 3 3 3 1 0]
 [0 0 1 0 0 0]
 [0 1 1 0 1 0]
 [0 0 0 0 0 0]]
action:  (4, 3)
[[1 1 0 0 1 0]
 [1 0 3 3 3 0]
 [0 3 3 3 1 0]
 [0 0 1 0 0 0]
 [0 1 1 2 1 0]
 [0 0 0 0 0 0]]
action:  (3, 3)
[[1 1 0 0 1 0]
 [1 0 3 3 3 0]
 [0 3 3 3 1 0]
 [0 0 1 2 0 0]
 [0 1 1 2 1 0]
 [0 0 0 0 0 0]]
action:  (3, 4)
[[1 1 0 0 1 0]
 [1 0 3 3 3 0]
 [0 3 3 3 1 0]
 [0 0 1 3 3 0]
 [0 1 1 2 1 0]
 [0 0 0 0 0 0]]
action:  (5, 3)
[[1 1 0 0 1 0]
 [1 0 3 3 3 0]
 [0 3 3 3 1 0]
 [0 0 1 3 3 0]
 [0 1 1 3 1 0]
 [0 0 0 3 0 0]]
Number of moves to win =
19
